HostName TimeStamp   CPU %user %nice %system %iowait %steal %idle
ip-172-31-32-5 1479674176   all 78.28 0.00 6.06 1.01 0.00 14.65
ip-172-31-32-5 1479674177   all 79.40 0.00 4.52 0.00 0.50 15.58
ip-172-31-32-5 1479674178   all 93.40 0.00 4.06 0.00 0.00 2.54
ip-172-31-32-5 1479674179   all 91.92 0.00 5.56 0.00 0.00 2.53
ip-172-31-32-5 1479674180   all 90.40 0.00 8.59 0.00 0.00 1.01
ip-172-31-32-5 1479674181   all 84.77 0.00 11.68 0.00 0.00 3.55
ip-172-31-32-5 1479674182   all 80.81 0.00 16.67 0.00 0.00 2.53
ip-172-31-32-5 1479674183   all 80.40 0.00 18.09 0.00 0.00 1.51
ip-172-31-32-5 1479674184   all 83.25 0.00 14.72 0.00 0.00 2.03
ip-172-31-32-5 1479674185   all 85.93 0.00 13.07 0.00 0.00 1.01
ip-172-31-32-5 1479674186   all 85.93 0.00 12.56 0.00 0.00 1.51
ip-172-31-32-5 1479674187   all 87.00 0.00 11.00 0.00 0.00 2.00
ip-172-31-32-5 1479674188   all 79.29 0.00 14.14 0.00 0.00 6.57
ip-172-31-32-5 1479674189   all 77.44 0.00 14.36 0.51 0.00 7.69
ip-172-31-32-5 1479674190   all 77.61 0.00 15.42 0.50 0.50 5.97
ip-172-31-32-5 1479674191   all 78.87 0.00 17.53 0.00 0.00 3.61
ip-172-31-32-5 1479674192   all 78.87 0.00 15.46 0.00 0.00 5.67
ip-172-31-32-5 1479674193   all 76.44 0.00 14.14 0.00 0.00 9.42
ip-172-31-32-5 1479674194   all 77.78 0.00 15.66 0.00 0.00 6.57
ip-172-31-32-5 1479674195   all 84.92 0.00 14.57 0.00 0.00 0.50
ip-172-31-32-5 1479674196   all 77.89 0.00 18.09 0.00 0.00 4.02
ip-172-31-32-5 1479674197   all 86.93 0.00 12.06 0.00 0.00 1.01
ip-172-31-32-5 1479674198   all 80.30 0.00 15.66 0.00 0.00 4.04
ip-172-31-32-5 1479674199   all 78.79 0.00 18.69 0.00 0.00 2.53
ip-172-31-32-5 1479674200   all 74.37 0.00 16.08 0.50 0.00 9.05
ip-172-31-32-5 1479674201   all 81.50 0.00 15.50 0.00 0.00 3.00
ip-172-31-32-5 1479674202   all 81.73 0.00 15.74 0.00 0.00 2.54
ip-172-31-32-5 1479674203   all 88.44 0.00 9.55 0.00 0.00 2.01
ip-172-31-32-5 1479674204   all 72.73 0.00 17.68 0.00 0.51 9.09
ip-172-31-32-5 1479674205   all 74.62 0.00 18.78 0.00 0.00 6.60
ip-172-31-32-5 1479674206   all 69.43 0.00 19.17 0.00 0.00 11.40
ip-172-31-32-5 1479674207   all 74.50 0.00 19.00 0.00 0.50 6.00
ip-172-31-32-5 1479674208   all 67.16 0.00 20.40 0.00 0.00 12.44
ip-172-31-32-5 1479674209   all 83.59 0.00 10.77 0.00 0.00 5.64
ip-172-31-32-5 1479674210   all 70.77 0.00 18.46 2.05 0.00 8.72
ip-172-31-32-5 1479674211   all 77.50 0.00 20.00 0.00 0.00 2.50
ip-172-31-32-5 1479674212   all 82.32 0.00 15.15 0.00 0.00 2.53
ip-172-31-32-5 1479674213   all 78.71 0.00 13.37 0.00 0.00 7.92
ip-172-31-32-5 1479674214   all 82.32 0.00 15.66 0.00 0.00 2.02
ip-172-31-32-5 1479674215   all 72.31 0.00 18.46 0.00 0.00 9.23
ip-172-31-32-5 1479674216   all 67.84 0.00 20.60 0.00 0.50 11.06
ip-172-31-32-5 1479674217   all 77.16 0.00 14.72 0.00 0.00 8.12
ip-172-31-32-5 1479674218   all 82.00 0.00 17.00 0.00 0.00 1.00
ip-172-31-32-5 1479674219   all 80.40 0.00 13.07 0.00 0.00 6.53
ip-172-31-32-5 1479674220   all 69.54 0.00 20.30 0.51 0.00 9.64
ip-172-31-32-5 1479674221   all 72.86 0.00 19.10 0.00 0.50 7.54
ip-172-31-32-5 1479674222   all 73.76 0.00 20.30 0.00 0.00 5.94
ip-172-31-32-5 1479674223   all 75.74 0.00 17.33 0.00 0.00 6.93
ip-172-31-32-5 1479674224   all 71.07 0.00 20.30 1.02 0.00 7.61
ip-172-31-32-5 1479674225   all 68.88 0.00 16.84 1.53 0.51 12.24
ip-172-31-32-5 1479674226   all 66.16 0.00 24.24 0.00 0.00 9.60
ip-172-31-32-5 1479674227   all 68.88 0.00 22.45 1.53 0.00 7.14
ip-172-31-32-5 1479674228   all 68.02 0.00 20.30 0.51 0.51 10.66
ip-172-31-32-5 1479674229   all 70.92 0.00 19.90 3.57 0.00 5.61
ip-172-31-32-5 1479674230   all 64.10 0.00 20.51 11.28 0.00 4.10
ip-172-31-32-5 1479674231   all 68.91 0.00 16.06 10.36 0.00 4.66
ip-172-31-32-5 1479674232   all 68.72 0.00 17.44 7.18 0.00 6.67
ip-172-31-32-5 1479674233   all 73.87 0.00 17.59 0.00 0.50 8.04
ip-172-31-32-5 1479674234   all 67.82 0.00 16.83 0.00 0.00 15.35
ip-172-31-32-5 1479674235   all 71.36 0.00 20.60 2.51 0.00 5.53
ip-172-31-32-5 1479674236   all 67.68 0.00 16.67 0.00 0.51 15.15
ip-172-31-32-5 1479674237   all 71.79 0.00 15.38 0.00 0.00 12.82
ip-172-31-32-5 1479674238   all 64.29 0.00 15.31 0.00 0.00 20.41
ip-172-31-32-5 1479674239   all 61.93 0.00 17.26 0.00 0.51 20.30
ip-172-31-32-5 1479674240   all 63.21 0.00 14.51 0.00 0.00 22.28
ip-172-31-32-5 1479674241   all 64.32 0.00 15.58 0.00 0.50 19.60
ip-172-31-32-5 1479674242   all 67.00 0.00 16.00 0.00 0.00 17.00
ip-172-31-32-5 1479674243   all 66.84 0.00 16.84 0.00 0.00 16.33
ip-172-31-32-5 1479674244   all 68.34 0.00 13.57 0.00 0.50 17.59
ip-172-31-32-5 1479674245   all 68.21 0.00 13.85 0.00 0.00 17.95
ip-172-31-32-5 1479674246   all 65.82 0.00 13.78 0.00 0.00 20.41
ip-172-31-32-5 1479674247   all 63.92 0.00 15.98 0.00 0.52 19.59
ip-172-31-32-5 1479674248   all 63.50 0.00 14.50 0.00 0.00 22.00
ip-172-31-32-5 1479674249   all 66.84 0.00 15.82 0.00 0.00 17.35
ip-172-31-32-5 1479674250   all 67.54 0.00 21.99 0.00 0.52 9.95
ip-172-31-32-5 1479674251   all 60.11 0.00 22.40 0.00 0.00 17.49
ip-172-31-32-5 1479674252   all 69.79 0.00 18.23 0.00 0.52 11.46
ip-172-31-32-5 1479674253   all 67.74 0.00 18.28 0.00 0.54 13.44
ip-172-31-32-5 1479674254   all 69.59 0.00 21.65 0.00 0.00 8.76
ip-172-31-32-5 1479674255   all 21.78 0.00 39.60 0.00 0.00 38.61
