HostName TimeStamp MapCount ReduceCount
ip-172-31-32-5 1479674175 0 0
ip-172-31-32-5 1479674176 0 0
ip-172-31-32-5 1479674177 0 0
ip-172-31-32-5 1479674178 0 0
ip-172-31-32-5 1479674179 0 0
ip-172-31-32-5 1479674180 0 0
ip-172-31-32-5 1479674181 0 0
ip-172-31-32-5 1479674182 0 0
ip-172-31-32-5 1479674183 0 0
ip-172-31-32-5 1479674184 0 0
ip-172-31-32-5 1479674185 0 0
ip-172-31-32-5 1479674186 0 0
ip-172-31-32-5 1479674187 0 0
ip-172-31-32-5 1479674188 0 0
ip-172-31-32-5 1479674189 0 0
ip-172-31-32-5 1479674190 0 0
ip-172-31-32-5 1479674191 0 0
ip-172-31-32-5 1479674192 0 0
ip-172-31-32-5 1479674193 0 0
ip-172-31-32-5 1479674194 0 0
ip-172-31-32-5 1479674195 0 0
ip-172-31-32-5 1479674197 0 0
ip-172-31-32-5 1479674198 0 0
ip-172-31-32-5 1479674199 0 0
ip-172-31-32-5 1479674200 0 0
ip-172-31-32-5 1479674201 0 0
ip-172-31-32-5 1479674202 0 0
ip-172-31-32-5 1479674203 0 0
ip-172-31-32-5 1479674204 0 0
ip-172-31-32-5 1479674205 0 0
ip-172-31-32-5 1479674206 0 0
ip-172-31-32-5 1479674207 0 0
ip-172-31-32-5 1479674208 0 0
ip-172-31-32-5 1479674209 0 0
ip-172-31-32-5 1479674210 0 0
ip-172-31-32-5 1479674211 0 0
ip-172-31-32-5 1479674212 0 0
ip-172-31-32-5 1479674213 0 0
ip-172-31-32-5 1479674214 0 0
ip-172-31-32-5 1479674215 0 0
ip-172-31-32-5 1479674216 0 0
ip-172-31-32-5 1479674217 0 0
ip-172-31-32-5 1479674218 0 0
ip-172-31-32-5 1479674219 0 0
ip-172-31-32-5 1479674220 0 0
ip-172-31-32-5 1479674221 0 0
ip-172-31-32-5 1479674222 0 0
ip-172-31-32-5 1479674223 0 0
ip-172-31-32-5 1479674224 0 0
ip-172-31-32-5 1479674225 0 0
ip-172-31-32-5 1479674226 0 0
ip-172-31-32-5 1479674227 0 0
ip-172-31-32-5 1479674229 0 0
ip-172-31-32-5 1479674230 0 0
ip-172-31-32-5 1479674231 0 0
ip-172-31-32-5 1479674232 0 0
ip-172-31-32-5 1479674233 0 0
ip-172-31-32-5 1479674234 0 0
ip-172-31-32-5 1479674235 0 0
ip-172-31-32-5 1479674236 0 0
ip-172-31-32-5 1479674237 0 0
ip-172-31-32-5 1479674238 0 0
ip-172-31-32-5 1479674239 0 0
ip-172-31-32-5 1479674240 0 0
ip-172-31-32-5 1479674241 0 0
ip-172-31-32-5 1479674242 0 0
ip-172-31-32-5 1479674243 0 0
ip-172-31-32-5 1479674244 0 0
ip-172-31-32-5 1479674245 0 0
ip-172-31-32-5 1479674246 0 0
ip-172-31-32-5 1479674247 0 0
ip-172-31-32-5 1479674248 0 0
ip-172-31-32-5 1479674249 0 0
ip-172-31-32-5 1479674250 0 0
ip-172-31-32-5 1479674251 0 0
ip-172-31-32-5 1479674252 0 0
ip-172-31-32-5 1479674253 0 0
ip-172-31-32-5 1479674254 0 0
