HostName TimeStamp  r  b   swpd   free   buff  cache   si   so    bi    bo   in   cs us sy id wa st
ip-172-31-32-5 1479674175 14  0      0 3111048 257452 3862784    0    0     0    11   32   16  0  0 100  0  0
ip-172-31-32-5 1479674176  3  0      0 3034676 257452 3863564    0    0     0    32 3149 2727 78  6 15  1  0
ip-172-31-32-5 1479674177  4  0      0 2945448 257452 3863768    0    0     0     0 3250 2386 79  5 16  0  1
ip-172-31-32-5 1479674178  8  0      0 2764968 257452 3865828    0    0     0  2004 2803 3209 93  4  3  0  0
ip-172-31-32-5 1479674179 10  0      0 2702096 257452 3866404    0    0     0     0 4430 7767 92  6  3  0  0
ip-172-31-32-5 1479674180  4  0      0 2675652 257452 3868848    0    0     0   780 7977 10140 90  9  1  0  0
ip-172-31-32-5 1479674181  5  0      0 2617888 257452 3871204    0    0     0     0 7209 12457 84 12  4  0  0
ip-172-31-32-5 1479674182  5  0      0 2548328 257452 3874308    0    0     0     0 8767 9327 81 17  3  0  0
ip-172-31-32-5 1479674183  4  0      0 2537600 257452 3878380    0    0     0     0 12534 16409 80 18  2  0  0
ip-172-31-32-5 1479674184  7  0      0 2531120 257452 3884152    0    0     0     0 11541 13144 83 15  2  0  0
ip-172-31-32-5 1479674185  9  0      0 2525556 257452 3885956    0    0     0   792 9043 19998 86 13  1  0  0
ip-172-31-32-5 1479674186  5  0      0 2517460 257452 3891204    0    0     0     0 12038 21886 86 13  2  0  0
ip-172-31-32-5 1479674187 11  0      0 2514744 257452 3897000    0    0     0     0 5378 15903 87 11  2  0  0
ip-172-31-32-5 1479674188  6  0      0 2506964 257452 3898960    0    0     0     0 13951 36001 80 14  7  0  0
ip-172-31-32-5 1479674189  4  0      0 2500292 257452 3904700    0    0     0   824 17013 25372 77 15  8  1  0
ip-172-31-32-5 1479674190  7  0      0 2487768 257452 3916400    0    0     0  1056 18531 25454 78 16  6  1  1
ip-172-31-32-5 1479674191  8  0      0 2477972 257452 3923912    0    0     0     0 12671 16108 79 17  4  0  0
ip-172-31-32-5 1479674192  6  0      0 2470564 257452 3928452    0    0     0     0 21121 35795 79 15  6  0  0
ip-172-31-32-5 1479674193  4  0      0 2472700 257452 3928984    0    0     0     0 18202 35391 76 14  9  0  0
ip-172-31-32-5 1479674194  8  0      0 2460528 257452 3936852    0    0     0    12 15142 29636 78 16  7  0  0
ip-172-31-32-5 1479674195  9  0      0 2440332 257452 3950192    0    0     0  1400 17812 24421 85 14  1  0  0
ip-172-31-32-5 1479674196  4  0      0 2419472 257452 3970776    0    0     0     0 17059 29772 78 18  4  0  0
ip-172-31-32-5 1479674197  4  0      0 2406296 257452 3981436    0    0     0     0 12528 15759 87 13  1  0  0
ip-172-31-32-5 1479674198  4  0      0 2391236 257452 3994808    0    0     0     0 17448 26724 80 16  4  0  0
ip-172-31-32-5 1479674199  5  0      0 2379228 257452 4006616    0    0     0    24 14356 38934 79 19  3  0  0
ip-172-31-32-5 1479674200  4  0      0 2374660 257452 4007608    0    0     0  1976 19269 39850 74 16  9  1  0
ip-172-31-32-5 1479674201  5  0      0 2373504 257452 4008004    0    0     0     0 26668 39713 82 16  3  0  0
ip-172-31-32-5 1479674202  7  0      0 2372760 257452 4008308    0    0     0     0 22740 40112 82 16  3  0  0
ip-172-31-32-5 1479674203  8  0      0 2363552 257452 4013376    0    0     0     0 13669 35071 88 10  2  0  0
ip-172-31-32-5 1479674204  7  0      0 2337804 257452 4035248    0    0     0     0 20679 35197 73 18  9  0  1
ip-172-31-32-5 1479674205  4  0      0 2319988 257456 4056180    0    0     0  1716 20093 33612 74 19  7  0  0
ip-172-31-32-5 1479674206  7  0      0 2289868 257456 4084476    0    0     0     0 20497 33890 69 19 11  0  0
ip-172-31-32-5 1479674207  4  0      0 2253804 257456 4120616    0    0     0     0 23230 31938 75 19  6  0  1
ip-172-31-32-5 1479674208  5  0      0 2214972 257456 4158116    0    0     0     0 25967 35376 67 20 12  0  0
ip-172-31-32-5 1479674209  3  0      0 2186096 257456 4171960    0    0     0 11256 9424 18053 84 11  6  0  0
ip-172-31-32-5 1479674210  5  0      0 2156600 257456 4201768    0    0     0  3340 25614 41707 71 19  9  2  0
ip-172-31-32-5 1479674211  5  0      0 2128704 257456 4229128    0    0     0     0 21795 33402 78 20  3  0  0
ip-172-31-32-5 1479674212  3  0      0 2111920 257456 4242560    0    0     0     0 19218 32589 82 15  3  0  0
ip-172-31-32-5 1479674213  4  0      0 2109268 257456 4243192    0    0     0     0 18677 44979 79 13  8  0  0
ip-172-31-32-5 1479674214  7  0      0 2108240 257456 4244340    0    0     0  7728 17668 45694 82 16  2  0  0
ip-172-31-32-5 1479674215  4  0      0 2105748 257456 4244784    0    0     0  2496 25277 47582 72 18  9  0  0
ip-172-31-32-5 1479674216  5  0      0 2105576 257456 4244900    0    0     0     0 26480 45547 68 21 11  0  1
ip-172-31-32-5 1479674217  6  0      0 2100344 257456 4246128    0    0     0     0 24470 38598 77 15  8  0  0
ip-172-31-32-5 1479674218  3  0      0 2103144 257456 4247276    0    0     0     0 13751 45195 82 17  1  0  0
ip-172-31-32-5 1479674219  5  0      0 2079256 257456 4264004    0    0     0 13928 17291 31884 80 13  7  0  0
ip-172-31-32-5 1479674220  4  0      0 2040568 257456 4300728    0    0     0  2568 24936 34513 70 20 10  1  0
ip-172-31-32-5 1479674221  3  0      0 2000680 257456 4338580    0    0     0     0 22057 39570 73 19  8  0  1
ip-172-31-32-5 1479674222  3  0      0 1960492 257456 4378596    0    0     0     0 21091 44385 74 20  6  0  0
ip-172-31-32-5 1479674223  3  0      0 1919224 257456 4417744    0    0     0     0 22579 40685 76 17  7  0  0
ip-172-31-32-5 1479674224  2  0      0 1863304 257456 4467532    0    0     0 31008 17512 32595 71 20  8  1  0
ip-172-31-32-5 1479674225  2  0      0 1793660 257456 4536236    0    0     0  4344 22098 35365 69 17 12  2  1
ip-172-31-32-5 1479674226  4  0      0 1720908 257456 4607036    0    0     0     0 24889 37547 66 24 10  0  0
ip-172-31-32-5 1479674227  5  0      0 1652384 257456 4673448    0    0     0 74676 25505 35742 69 22  7  2  0
ip-172-31-32-5 1479674228  2  0      0 1576572 257456 4741288    0    0     0 58056 26241 36360 68 20 11  1  1
ip-172-31-32-5 1479674229  2  1      0 1544508 257456 4766720    0    0     0 92096 11543 19485 71 20  6  4  0
ip-172-31-32-5 1479674230  2  1      0 1498328 257456 4812620    0    0     0 191044 20870 33185 64 21  4 11  0
ip-172-31-32-5 1479674231  5  1      0 1457408 257456 4843228    0    0     0 127616 16741 24856 69 16  5 10  0
ip-172-31-32-5 1479674232  5  0      0 1408212 257456 4892436    0    0     0 83632 24532 42414 69 17  7  7  0
ip-172-31-32-5 1479674233  5  0      0 1354352 257456 4946236    0    0     0     0 27165 42803 74 18  8  0  1
ip-172-31-32-5 1479674234  6  0      0 1304652 257456 4995604    0    0     0     0 24489 35996 68 17 15  0  0
ip-172-31-32-5 1479674235  6  0      0 1250972 257484 5048340    0    0     0  6096 30249 40444 71 21  6  3  0
ip-172-31-32-5 1479674236  8  0      0 1252128 257484 5049028    0    0     0     0 21134 41314 68 17 15  0  1
ip-172-31-32-5 1479674237  2  0      0 1250140 257484 5050252    0    0     0     0 22838 42869 72 15 13  0  0
ip-172-31-32-5 1479674238  6  0      0 1249928 257484 5050328    0    0     0     0 25538 41870 64 15 20  0  0
ip-172-31-32-5 1479674239  2  0      0 1249420 257484 5051036    0    0     0     0 25542 41522 62 17 20  0  1
ip-172-31-32-5 1479674240  2  0      0 1248752 257484 5051544    0    0     0  2848 25897 39264 63 15 22  0  0
ip-172-31-32-5 1479674241  5  0      0 1248000 257484 5052120    0    0     0     0 26682 43209 65 15 20  0  1
ip-172-31-32-5 1479674242  6  0      0 1249152 257484 5053328    0    0     0     0 20983 40397 67 16 17  0  0
ip-172-31-32-5 1479674243  3  0      0 1246328 257484 5054116    0    0     0     0 26376 42674 67 17 16  0  0
ip-172-31-32-5 1479674244  3  0      0 1246204 257484 5054396    0    0     0     0 27209 41694 68 14 18  0  1
ip-172-31-32-5 1479674245  1  0      0 1245188 257484 5055336    0    0     0  1392 24959 46375 67 14 18  0  0
ip-172-31-32-5 1479674246  2  0      0 1244200 257484 5055640    0    0     0     0 22317 43921 66 13 20  0  0
ip-172-31-32-5 1479674247  3  0      0 1241440 257484 5056424    0    0     0     0 27278 41851 64 16 20  0  1
ip-172-31-32-5 1479674248  2  0      0 1242468 257492 5057404    0    0     0     0 24361 39733 63 14 22  0  0
ip-172-31-32-5 1479674249  3  0      0 1240280 257492 5058680    0    0     0     0 23213 34742 67 16 17  0  0
ip-172-31-32-5 1479674250  2  0      0 1238700 257496 5059300    0    0     0  1228 35793 54418 67 22 10  0  1
ip-172-31-32-5 1479674251  2  0      0 1238224 257496 5060256    0    0     0     0 38459 60316 61 22 17  0  1
ip-172-31-32-5 1479674252  3  0      0 1237492 257496 5060672    0    0     0     0 40503 62769 70 19 12  0  0
ip-172-31-32-5 1479674253  4  0      0 1235796 257496 5062148    0    0     0     0 38883 61173 68 19 13  0  1
ip-172-31-32-5 1479674254  3  0      0 1236220 257496 5063600    0    0     0     0 35650 60488 69 22  9  0  0
ip-172-31-32-5 1479674255  0  0      0 2381468 257496 3919304    0    0     0    44 4798 8697 22 40 39  0  0
