HostName TimeStamp   CPU %user %nice %system %iowait %steal %idle
ip-172-31-32-5 1479503314   all 76.77 0.00 6.57 1.01 0.51 15.15
ip-172-31-32-5 1479503315   all 79.00 0.00 5.00 0.00 0.00 16.00
ip-172-31-32-5 1479503316   all 86.29 0.00 7.61 0.00 0.00 6.09
ip-172-31-32-5 1479503317   all 94.53 0.00 3.48 0.00 0.00 1.99
ip-172-31-32-5 1479503318   all 91.88 0.00 5.58 0.00 0.00 2.54
ip-172-31-32-5 1479503319   all 86.80 0.00 11.68 0.00 0.00 1.52
ip-172-31-32-5 1479503320   all 79.19 0.00 18.27 0.00 0.00 2.54
ip-172-31-32-5 1479503321   all 88.89 0.00 9.60 0.00 0.00 1.52
ip-172-31-32-5 1479503322   all 76.65 0.00 20.30 0.00 0.00 3.05
ip-172-31-32-5 1479503323   all 85.93 0.00 12.56 0.00 0.00 1.51
ip-172-31-32-5 1479503324   all 80.40 0.00 16.58 0.00 0.00 3.02
ip-172-31-32-5 1479503325   all 82.32 0.00 15.15 0.00 0.00 2.53
ip-172-31-32-5 1479503326   all 85.35 0.00 10.61 0.00 0.00 4.04
ip-172-31-32-5 1479503327   all 82.32 0.00 13.64 0.00 0.00 4.04
ip-172-31-32-5 1479503328   all 81.12 0.00 14.80 0.00 0.00 4.08
ip-172-31-32-5 1479503329   all 80.20 0.00 14.21 0.00 0.00 5.58
ip-172-31-32-5 1479503330   all 78.76 0.00 15.03 0.00 0.00 6.22
ip-172-31-32-5 1479503331   all 78.61 0.00 16.92 0.00 0.00 4.48
ip-172-31-32-5 1479503332   all 77.66 0.00 14.72 0.00 0.51 7.11
ip-172-31-32-5 1479503333   all 76.56 0.00 15.10 0.52 0.00 7.81
ip-172-31-32-5 1479503334   all 80.40 0.00 15.08 0.00 0.00 4.52
ip-172-31-32-5 1479503335   all 71.86 0.00 18.09 0.00 0.00 10.05
ip-172-31-32-5 1479503336   all 74.24 0.00 16.16 0.00 0.51 9.09
ip-172-31-32-5 1479503337   all 75.13 0.00 19.29 0.00 0.00 5.58
ip-172-31-32-5 1479503338   all 78.87 0.00 16.49 0.52 0.00 4.12
ip-172-31-32-5 1479503339   all 83.58 0.00 14.43 0.00 0.00 1.99
ip-172-31-32-5 1479503340   all 73.74 0.00 15.15 0.00 0.00 11.11
ip-172-31-32-5 1479503341   all 78.46 0.00 13.85 0.00 0.00 7.69
ip-172-31-32-5 1479503342   all 78.06 0.00 17.86 0.00 0.00 4.08
ip-172-31-32-5 1479503343   all 72.08 0.00 19.80 1.52 0.00 6.60
ip-172-31-32-5 1479503344   all 70.05 0.00 22.84 0.00 0.51 6.60
ip-172-31-32-5 1479503345   all 78.79 0.00 16.16 0.00 0.00 5.05
ip-172-31-32-5 1479503346   all 80.40 0.00 13.07 0.00 0.00 6.53
ip-172-31-32-5 1479503347   all 73.60 0.00 16.24 0.00 0.00 10.15
ip-172-31-32-5 1479503348   all 76.26 0.00 17.17 0.51 0.51 5.56
ip-172-31-32-5 1479503349   all 70.53 0.00 20.53 0.00 0.00 8.95
ip-172-31-32-5 1479503350   all 68.88 0.00 16.33 0.00 0.00 14.80
ip-172-31-32-5 1479503351   all 68.84 0.00 14.57 0.00 0.00 16.58
ip-172-31-32-5 1479503352   all 72.59 0.00 16.24 0.00 0.51 10.66
ip-172-31-32-5 1479503353   all 73.37 0.00 14.57 0.00 0.00 12.06
ip-172-31-32-5 1479503354   all 68.50 0.00 17.00 0.00 0.00 14.50
ip-172-31-32-5 1479503355   all 66.33 0.00 15.31 0.00 0.51 17.86
ip-172-31-32-5 1479503356   all 72.59 0.00 17.26 0.00 0.00 10.15
ip-172-31-32-5 1479503357   all 75.13 0.00 17.62 0.00 0.00 7.25
ip-172-31-32-5 1479503358   all 74.24 0.00 16.16 2.02 0.00 7.58
ip-172-31-32-5 1479503359   all 74.23 0.00 19.59 1.03 0.00 5.15
ip-172-31-32-5 1479503360   all 73.23 0.00 16.67 0.00 0.51 9.60
ip-172-31-32-5 1479503361   all 72.14 0.00 15.92 0.00 0.00 11.94
ip-172-31-32-5 1479503362   all 68.75 0.00 18.75 0.00 0.52 11.98
ip-172-31-32-5 1479503363   all 68.04 0.00 20.10 2.06 0.00 9.79
ip-172-31-32-5 1479503364   all 62.94 0.00 26.40 5.08 0.00 5.58
ip-172-31-32-5 1479503365   all 70.71 0.00 22.22 5.56 0.00 1.52
ip-172-31-32-5 1479503366   all 71.57 0.00 20.81 5.58 0.00 2.03
ip-172-31-32-5 1479503367   all 70.68 0.00 15.18 8.90 0.00 5.24
ip-172-31-32-5 1479503368   all 71.94 0.00 18.88 1.53 0.51 7.14
ip-172-31-32-5 1479503369   all 77.55 0.00 14.80 0.00 0.00 7.65
ip-172-31-32-5 1479503370   all 68.34 0.00 23.62 0.00 0.00 8.04
ip-172-31-32-5 1479503371   all 78.00 0.00 13.50 0.00 0.50 8.00
ip-172-31-32-5 1479503372   all 71.36 0.00 14.57 0.00 0.00 14.07
ip-172-31-32-5 1479503373   all 65.17 0.00 14.93 0.00 0.00 19.90
ip-172-31-32-5 1479503374   all 67.35 0.00 14.29 0.00 0.51 17.86
ip-172-31-32-5 1479503375   all 65.15 0.00 13.64 0.00 0.00 21.21
ip-172-31-32-5 1479503376   all 65.64 0.00 15.90 0.00 0.00 18.46
ip-172-31-32-5 1479503377   all 67.68 0.00 14.14 0.00 0.51 17.68
ip-172-31-32-5 1479503378   all 67.01 0.00 16.49 0.00 0.00 16.49
ip-172-31-32-5 1479503379   all 62.56 0.00 14.87 0.00 0.51 22.05
ip-172-31-32-5 1479503380   all 70.85 0.00 17.09 0.00 0.00 12.06
ip-172-31-32-5 1479503381   all 62.63 0.00 21.21 0.00 0.00 16.16
ip-172-31-32-5 1479503382   all 65.67 0.00 16.42 0.00 0.50 17.41
ip-172-31-32-5 1479503383   all 67.68 0.00 14.14 0.00 0.00 18.18
ip-172-31-32-5 1479503384   all 68.56 0.00 11.86 0.00 0.00 19.59
ip-172-31-32-5 1479503385   all 72.50 0.00 11.00 0.00 0.50 16.00
ip-172-31-32-5 1479503386   all 70.65 0.00 16.30 0.00 0.00 13.04
ip-172-31-32-5 1479503387   all 62.98 0.00 19.34 0.00 0.55 17.13
ip-172-31-32-5 1479503388   all 65.78 0.00 20.32 0.00 0.00 13.90
ip-172-31-32-5 1479503389   all 66.48 0.00 19.78 0.00 0.55 13.19
ip-172-31-32-5 1479503390   all 67.91 0.00 18.72 0.00 0.00 13.37
ip-172-31-32-5 1479503391   all 18.50 0.00 40.00 0.00 0.00 41.50
