HostName TimeStamp MapCount ReduceCount
ip-172-31-32-5 1479503313 0 0
ip-172-31-32-5 1479503314 0 0
ip-172-31-32-5 1479503315 0 0
ip-172-31-32-5 1479503316 0 0
ip-172-31-32-5 1479503317 0 0
ip-172-31-32-5 1479503318 0 0
ip-172-31-32-5 1479503319 0 0
ip-172-31-32-5 1479503320 0 0
ip-172-31-32-5 1479503321 0 0
ip-172-31-32-5 1479503322 0 0
ip-172-31-32-5 1479503323 0 0
ip-172-31-32-5 1479503324 0 0
ip-172-31-32-5 1479503325 0 0
ip-172-31-32-5 1479503326 0 0
ip-172-31-32-5 1479503327 0 0
ip-172-31-32-5 1479503329 0 0
ip-172-31-32-5 1479503330 0 0
ip-172-31-32-5 1479503331 0 0
ip-172-31-32-5 1479503332 0 0
ip-172-31-32-5 1479503333 0 0
ip-172-31-32-5 1479503334 0 0
ip-172-31-32-5 1479503335 0 0
ip-172-31-32-5 1479503336 0 0
ip-172-31-32-5 1479503337 0 0
ip-172-31-32-5 1479503338 0 0
ip-172-31-32-5 1479503339 0 0
ip-172-31-32-5 1479503340 0 0
ip-172-31-32-5 1479503341 0 0
ip-172-31-32-5 1479503342 0 0
ip-172-31-32-5 1479503343 0 0
ip-172-31-32-5 1479503344 0 0
ip-172-31-32-5 1479503345 0 0
ip-172-31-32-5 1479503346 0 0
ip-172-31-32-5 1479503347 0 0
ip-172-31-32-5 1479503348 0 0
ip-172-31-32-5 1479503349 0 0
ip-172-31-32-5 1479503350 0 0
ip-172-31-32-5 1479503351 0 0
ip-172-31-32-5 1479503352 0 0
ip-172-31-32-5 1479503353 0 0
ip-172-31-32-5 1479503354 0 0
ip-172-31-32-5 1479503355 0 0
ip-172-31-32-5 1479503356 0 0
ip-172-31-32-5 1479503357 0 0
ip-172-31-32-5 1479503358 0 0
ip-172-31-32-5 1479503359 0 0
ip-172-31-32-5 1479503360 0 0
ip-172-31-32-5 1479503361 0 0
ip-172-31-32-5 1479503362 0 0
ip-172-31-32-5 1479503363 0 0
ip-172-31-32-5 1479503364 0 0
ip-172-31-32-5 1479503365 0 0
ip-172-31-32-5 1479503367 0 0
ip-172-31-32-5 1479503368 0 0
ip-172-31-32-5 1479503369 0 0
ip-172-31-32-5 1479503370 0 0
ip-172-31-32-5 1479503371 0 0
ip-172-31-32-5 1479503372 0 0
ip-172-31-32-5 1479503373 0 0
ip-172-31-32-5 1479503374 0 0
ip-172-31-32-5 1479503375 0 0
ip-172-31-32-5 1479503376 0 0
ip-172-31-32-5 1479503377 0 0
ip-172-31-32-5 1479503378 0 0
ip-172-31-32-5 1479503379 0 0
ip-172-31-32-5 1479503380 0 0
ip-172-31-32-5 1479503381 0 0
ip-172-31-32-5 1479503382 0 0
ip-172-31-32-5 1479503383 0 0
ip-172-31-32-5 1479503384 0 0
ip-172-31-32-5 1479503385 0 0
ip-172-31-32-5 1479503386 0 -1
ip-172-31-32-5 1479503387 0 0
ip-172-31-32-5 1479503388 0 0
ip-172-31-32-5 1479503389 0 0
ip-172-31-32-5 1479503390 0 0
ip-172-31-32-5 1479503391 0 0
