HostName TimeStamp  r  b   swpd   free   buff  cache   si   so    bi    bo   in   cs us sy id wa st
ip-172-31-32-5 1479503313 13  0      0 3181612 253172 3798756    0    0     0    13   23   31  0  0 100  0  0
ip-172-31-32-5 1479503314  3  0      0 3102048 253172 3799328    0    0     0    32 3795 2957 76  7 15  1  1
ip-172-31-32-5 1479503315  3  0      0 3020644 253172 3799472    0    0     0     0 3555 1952 79  5 16  0  0
ip-172-31-32-5 1479503316  5  0      0 2832464 253172 3801564    0    0     0  2004 3268 2876 86  8  6  0  0
ip-172-31-32-5 1479503317  5  0      0 2795988 253172 3801880    0    0     0     0 4543 5899 95  3  2  0  0
ip-172-31-32-5 1479503318  4  0      0 2760868 253172 3803288    0    0     0   600 6481 9145 92  6  2  0  0
ip-172-31-32-5 1479503319  7  0      0 2710644 253172 3805440    0    0     0     0 5980 9792 86 12  2  0  0
ip-172-31-32-5 1479503320  3  0      0 2658888 253172 3809056    0    0     0     0 11941 13459 79 18  3  0  0
ip-172-31-32-5 1479503321  4  0      0 2622276 253172 3810620    0    0     0     0 6790 15126 89 10  2  0  0
ip-172-31-32-5 1479503322  5  0      0 2605412 253172 3818044    0    0     0     0 16178 11154 77 20  3  0  0
ip-172-31-32-5 1479503323  3  0      0 2600048 253172 3821532    0    0     0   920 7097 14014 86 13  2  0  0
ip-172-31-32-5 1479503324  3  0      0 2592896 253172 3823212    0    0     0     0 10912 23564 80 17  3  0  0
ip-172-31-32-5 1479503325  3  0      0 2587844 253172 3830188    0    0     0     0 9602 21083 82 15  3  0  0
ip-172-31-32-5 1479503326  3  0      0 2582420 253172 3834820    0    0     0     0 8786 21740 85 11  4  0  0
ip-172-31-32-5 1479503327  2  0      0 2581244 253172 3835168    0    0     0     0 16083 34300 82 14  4  0  0
ip-172-31-32-5 1479503328  5  0      0 2570708 253172 3843952    0    0     0   940 13217 26010 81 15  4  0  0
ip-172-31-32-5 1479503329  2  0      0 2559208 253172 3855436    0    0     0     0 10131 27587 80 14  6  0  0
ip-172-31-32-5 1479503330  4  0      0 2544216 253172 3865424    0    0     0     0 12886 29606 79 15  6  0  0
ip-172-31-32-5 1479503331  3  0      0 2544904 253172 3866104    0    0     0     0 18178 39442 79 17  5  0  0
ip-172-31-32-5 1479503332  4  0      0 2541644 253172 3866340    0    0     0     0 17060 37330 78 15  7  0  1
ip-172-31-32-5 1479503333  3  0      0 2523568 253172 3882380    0    0     0  3272 18243 35348 76 15  8  1  0
ip-172-31-32-5 1479503334  5  0      0 2506032 253172 3899636    0    0     0     0 18552 27347 81 15  5  0  0
ip-172-31-32-5 1479503335  4  0      0 2484712 253172 3918296    0    0     0     0 18670 25777 72 19 10  0  0
ip-172-31-32-5 1479503336  4  0      0 2470204 253172 3931180    0    0     0     0 14713 26981 75 16  9  0  1
ip-172-31-32-5 1479503337  3  0      0 2458804 253172 3945292    0    0     0     0 17925 42535 75 20  6  0  0
ip-172-31-32-5 1479503338  4  0      0 2449524 253172 3946036    0    0     0  2016 17490 43568 79 16  4  1  0
ip-172-31-32-5 1479503339  4  0      0 2449304 253172 3946268    0    0     0     0 18805 43653 84 14  2  0  0
ip-172-31-32-5 1479503340  6  0      0 2449012 253172 3946964    0    0     0     0 24705 45622 74 15 11  0  0
ip-172-31-32-5 1479503341  4  0      0 2436168 253172 3959324    0    0     0     0 19322 37111 78 14  8  0  0
ip-172-31-32-5 1479503342  3  0      0 2414276 253172 3981140    0    0     0     0 20774 32359 78 18  4  0  0
ip-172-31-32-5 1479503343  6  0      0 2394804 253172 4002632    0    0     0  2012 17862 34399 72 20  7  2  0
ip-172-31-32-5 1479503344  5  0      0 2356036 253172 4039160    0    0     0     0 20942 36008 70 23  7  0  1
ip-172-31-32-5 1479503345  3  0      0 2321196 253172 4073760    0    0     0     0 20559 36746 79 16  5  0  0
ip-172-31-32-5 1479503346  2  0      0 2289300 253172 4101612    0    0     0     0 16745 27353 80 13  7  0  0
ip-172-31-32-5 1479503347  7  0      0 2257884 253172 4123964    0    0     0     0 17677 29723 74 16 10  0  0
ip-172-31-32-5 1479503348  5  0      0 2227092 253172 4154304    0    0     0 16292 23888 40107 76 17  6  1  1
ip-172-31-32-5 1479503349  5  0      0 2193140 253172 4185580    0    0     0     0 25313 47445 71 21  9  0  0
ip-172-31-32-5 1479503350  5  0      0 2190188 253172 4186780    0    0     0     0 22915 44457 69 16 15  0  0
ip-172-31-32-5 1479503351  5  0      0 2190192 253172 4187352    0    0     0     0 25151 44977 69 15 17  0  0
ip-172-31-32-5 1479503352  8  0      0 2188804 253172 4188668    0    0     0     0 30154 48166 73 16 11  0  1
ip-172-31-32-5 1479503353  4  1      0 2186824 253172 4190748    0    0     0 11284 25634 48571 73 15 12  0  0
ip-172-31-32-5 1479503354  1  0      0 2186544 253172 4189252    0    0     0   188 28473 47229 69 17 15  0  0
ip-172-31-32-5 1479503355  7  0      0 2181520 253172 4190920    0    0     0     0 30151 47228 66 15 18  0  1
ip-172-31-32-5 1479503356  3  0      0 2151780 253172 4221724    0    0     0     0 17884 30441 73 17 10  0  0
ip-172-31-32-5 1479503357  1  5      0 2112312 253172 4258980    0    0     0  3264 20750 39931 75 18  7  0  0
ip-172-31-32-5 1479503358  6  0      0 2072528 253172 4296640    0    0     0     4 23401 38912 74 16  8  2  0
ip-172-31-32-5 1479503359  2  0      0 2034944 253172 4334368    0    0     0 18028 22832 37088 73 20  6  1  0
ip-172-31-32-5 1479503360  2  0      0 1995156 253172 4372444    0    0     0     0 24461 35850 74 16  9  0  1
ip-172-31-32-5 1479503361  2  0      0 1932240 253172 4435268    0    0     0     0 21781 34478 72 16 12  0  0
ip-172-31-32-5 1479503362  0  5      0 1856752 253172 4504084    0    0     0  4100 24248 36435 68 19 12  0  1
ip-172-31-32-5 1479503363  5  0      0 1786972 253184 4571948    0    0     0 34332 23011 37509 68 20 10  2  0
ip-172-31-32-5 1479503364  7  1      0 1719444 253572 4639076    0    0     0 207980 24493 38136 63 26  6  5  0
ip-172-31-32-5 1479503365  3  0      0 1665276 253880 4693088    0    0     0 145908 20493 29037 71 22  2  6  0
ip-172-31-32-5 1479503366  7  1      0 1621816 254004 4728220    0    0     0 123048 17498 27523 71 21  2  6  0
ip-172-31-32-5 1479503367  0  3      0 1569296 254168 4776396    0    0     0 109928 26486 38765 70 15  5  9  0
ip-172-31-32-5 1479503368  5  0      0 1517032 254344 4828704    0    0     0  5480 21030 40274 72 19  8  1  1
ip-172-31-32-5 1479503369  2  0      0 1460184 254532 4883240    0    0     0     0 26523 38913 78 15  7  0  0
ip-172-31-32-5 1479503370  2  0      0 1405272 254720 4938100    0    0     0     0 27692 42646 68 24  8  0  0
ip-172-31-32-5 1479503371  7  0      0 1350188 254904 4993064    0    0     0     0 24901 43337 78 14  8  0  1
ip-172-31-32-5 1479503372  7  1      0 1348308 254908 4993888    0    0     0  3036 22796 38593 71 15 14  0  0
ip-172-31-32-5 1479503373  2  0      0 1346680 254908 4994572    0    0     0     4 26129 40682 65 15 20  0  0
ip-172-31-32-5 1479503374  5  0      0 1343228 254908 4996172    0    0     0     0 24083 43290 68 14 17  0  1
ip-172-31-32-5 1479503375  1  0      0 1334584 254908 4996484    0    0     0     0 24421 40516 65 14 21  0  0
ip-172-31-32-5 1479503376  4  0      0 1332384 254908 4997276    0    0     0     0 28228 41691 66 16 18  0  0
ip-172-31-32-5 1479503377  3  0      0 1331736 254912 4997652    0    0     0  1420 25345 42878 68 14 18  0  1
ip-172-31-32-5 1479503378  3  0      0 1330464 254912 4997984    0    0     0     0 26881 44452 66 16 17  0  0
ip-172-31-32-5 1479503379  2  0      0 1328036 254912 4999148    0    0     0     0 24282 39463 63 15 22  0  1
ip-172-31-32-5 1479503380  7  0      0 1326648 254912 4999980    0    0     0     0 27255 44231 71 17 12  0  0
ip-172-31-32-5 1479503381  5  0      0 1322304 254912 5000648    0    0     0     0 27587 41453 62 21 17  0  0
ip-172-31-32-5 1479503382  2  0      0 1317540 254912 5001492    0    0     0  1408 29015 42689 66 17 17  0  0
ip-172-31-32-5 1479503383  6  0      0 1314068 254912 5002140    0    0     0     0 24792 46175 68 14 18  0  0
ip-172-31-32-5 1479503384  2  0      0 1311896 254912 5002856    0    0     0     0 27693 41725 69 11 20  0  0
ip-172-31-32-5 1479503385  2  0      0 1293400 254912 5002492    0    0     0     0 18797 26675 73 11 16  0  1
ip-172-31-32-5 1479503386  2  0      0 1293144 254912 5004400    0    0     0     0 18820 60805 70 16 13  0  0
ip-172-31-32-5 1479503387  4  0      0 1289736 254912 5005596    0    0     0   680 31735 67187 62 20 17  0  1
ip-172-31-32-5 1479503388  3  0      0 1288268 254912 5006896    0    0     0     0 34507 69500 66 20 14  0  0
ip-172-31-32-5 1479503389  3  0      0 1290356 254912 5007640    0    0     0     0 33476 68189 67 19 13  0  1
ip-172-31-32-5 1479503390  5  0      0 1289064 254912 5008712    0    0     0     0 30820 69974 68 19 13  0  0
ip-172-31-32-5 1479503391  0  0      0 2440596 254912 3859232    0    0     0     0 7067 5559 18 40 42  0  0
